dz =

    0.00000
         NA
  -65.56000
    0.00000
    0.00000

T =   1.6460e+004
m =  9622.4
dz =

         NA
         NA
  -65.56000
    0.00000
    0.00000

T =   1.6460e+004
m =  9622.4
dz =

         NA
         NA
  -65.56000
    0.00000
    0.00000

T =   1.6460e+004
m =  9622.4
dz =

         NA
         NA
  -65.56000
    0.00000
    0.00000

T =   1.6460e+004
m =  9622.4
dz =

         NA
         NA
  -65.56000
    0.00000
    0.00000

T =   1.6460e+004
m =  9622.4
dz =

         NA
         NA
  -65.56000
    0.00000
    0.00000

T =   1.6460e+004
m =  9622.4
dz =

         NA
         NA
  -65.56000
    0.00000
    0.00000

T = NA
m = NA
dz =

         NA
         NA
  -65.56000
    0.00000
    0.00000

T = NA
m = NA
dz =

         NA
         NA
  -65.56000
    0.00000
    0.00000

T =   1.6460e+004
m =  9671.6
dz =

         NA
         NA
  -65.56000
    0.00000
    0.00000

T =   1.6460e+004
m =  9671.6
dz =

         NA
         NA
  -65.56000
    0.00000
    0.00000

T =   1.6460e+004
m =  9671.6
dz =

         NA
         NA
  -65.56000
    0.00000
    0.00000

T =   1.6460e+004
m =  9671.6
dz =

         NA
         NA
  -65.56000
    0.00000
    0.00000

T =   1.6460e+004
m =  9671.6
dz =

         NA
         NA
  -65.56000
    0.00000
    0.00000

T =   1.6460e+004
m =  9671.6
dz =

         NA
         NA
  -65.56000
    0.00000
    0.00000

T = NA
m = NA
dz =

         NA
         NA
  -65.56000
    0.00000
    0.00000

T = NA
m = NA
dz =

         NA
         NA
  -65.56000
    0.00000
    0.00000

T =   1.6460e+004
m =  9683.9
dz =

         NA
         NA
  -65.56000
    0.00000
    0.00000

T =   1.6460e+004
m =  9683.9
dz =

         NA
         NA
  -65.56000
    0.00000
    0.00000

T =   1.6460e+004
m =  9683.9
dz =

         NA
         NA
  -65.56000
    0.00000
    0.00000

T =   1.6460e+004
m =  9683.9
dz =

         NA
         NA
  -65.56000
    0.00000
    0.00000

T =   1.6460e+004
m =  9683.9
dz =

         NA
         NA
  -65.56000
    0.00000
    0.00000

T =   1.6460e+004
m =  9683.9
dz =

         NA
         NA
  -65.56000
    0.00000
    0.00000

T = NA
m = NA
dz =

         NA
         NA
  -65.56000
    0.00000
    0.00000

T = NA
m = NA
dz =

         NA
         NA
  -65.56000
    0.00000
    0.00000

T =   1.6460e+004
m =  9687.0
dz =

         NA
         NA
  -65.56000
    0.00000
    0.00000

T =   1.6460e+004
m =  9687.0
dz =

         NA
         NA
  -65.56000
    0.00000
    0.00000

T =   1.6460e+004
m =  9687.0
dz =

         NA
         NA
  -65.56000
    0.00000
    0.00000

T =   1.6460e+004
m =  9687.0
dz =

         NA
         NA
  -65.56000
    0.00000
    0.00000

T =   1.6460e+004
m =  9687.0
dz =

         NA
         NA
  -65.56000
    0.00000
    0.00000

T =   1.6460e+004
m =  9687.0
dz =

         NA
         NA
  -65.56000
    0.00000
    0.00000

T = NA
m = NA
dz =

         NA
         NA
  -65.56000
    0.00000
    0.00000

T = NA
m = NA
dz =

         NA
         NA
  -65.56000
    0.00000
    0.00000

T =   1.6460e+004
m =  9687.7
dz =

         NA
         NA
  -65.56000
    0.00000
    0.00000

T =   1.6460e+004
m =  9687.7
dz =

         NA
         NA
  -65.56000
    0.00000
    0.00000

T =   1.6460e+004
m =  9687.7
dz =

         NA
         NA
  -65.56000
    0.00000
    0.00000

T =   1.6460e+004
m =  9687.7
dz =

         NA
         NA
  -65.56000
    0.00000
    0.00000

T =   1.6460e+004
m =  9687.7
dz =

         NA
         NA
  -65.56000
    0.00000
    0.00000

T =   1.6460e+004
m =  9687.7
dz =

         NA
         NA
  -65.56000
    0.00000
    0.00000

T = NA
m = NA
dz =

         NA
         NA
  -65.56000
    0.00000
    0.00000

T = NA
m = NA
dz =

         NA
         NA
  -65.56000
    0.00000
    0.00000

T =   1.6460e+004
m =  9687.9
dz =

         NA
         NA
  -65.56000
    0.00000
    0.00000

T =   1.6460e+004
m =  9687.9
dz =

         NA
         NA
  -65.56000
    0.00000
    0.00000

T =   1.6460e+004
m =  9687.9
dz =

         NA
         NA
  -65.56000
    0.00000
    0.00000

T =   1.6460e+004
m =  9687.9
dz =

         NA
         NA
  -65.56000
    0.00000
    0.00000

T =   1.6460e+004
m =  9687.9
dz =

         NA
         NA
  -65.56000
    0.00000
    0.00000

T =   1.6460e+004
m =  9687.9
dz =

         NA
         NA
  -65.56000
    0.00000
    0.00000

T = NA
m = NA
dz =

         NA
         NA
  -65.56000
    0.00000
    0.00000

T = NA
m = NA
dz =

         NA
         NA
  -65.56000
    0.00000
    0.00000

T =   1.6460e+004
m =  9688.0
dz =

         NA
         NA
  -65.56000
    0.00000
    0.00000

T =   1.6460e+004
m =  9688.0
dz =

         NA
         NA
  -65.56000
    0.00000
    0.00000

T =   1.6460e+004
m =  9688.0
dz =

         NA
         NA
  -65.56000
    0.00000
    0.00000

T =   1.6460e+004
m =  9688.0
dz =

         NA
         NA
  -65.56000
    0.00000
    0.00000

T =   1.6460e+004
m =  9688.0
dz =

         NA
         NA
  -65.56000
    0.00000
    0.00000

T =   1.6460e+004
m =  9688.0
dz =

         NA
         NA
  -65.56000
    0.00000
    0.00000

T = NA
m = NA
dz =

         NA
         NA
  -65.56000
    0.00000
    0.00000

T = NA
m = NA
dz =

         NA
         NA
  -65.56000
    0.00000
    0.00000

T =   1.6460e+004
m =  9688.0
dz =

         NA
         NA
  -65.56000
    0.00000
    0.00000

T =   1.6460e+004
m =  9688.0
dz =

         NA
         NA
  -65.56000
    0.00000
    0.00000

T =   1.6460e+004
m =  9688.0
dz =

         NA
         NA
  -65.56000
    0.00000
    0.00000

T =   1.6460e+004
m =  9688.0
dz =

         NA
         NA
  -65.56000
    0.00000
    0.00000

T =   1.6460e+004
m =  9688.0
dz =

         NA
         NA
  -65.56000
    0.00000
    0.00000

T =   1.6460e+004
m =  9688.0
dz =

         NA
         NA
  -65.56000
    0.00000
    0.00000

T = NA
m = NA
dz =

         NA
         NA
  -65.56000
    0.00000
    0.00000

T = NA
m = NA
dz =

         NA
         NA
  -65.56000
    0.00000
    0.00000

T =   1.6460e+004
m =  9688.0
dz =

         NA
         NA
  -65.56000
    0.00000
    0.00000

T =   1.6460e+004
m =  9688.0
dz =

         NA
         NA
  -65.56000
    0.00000
    0.00000

T =   1.6460e+004
m =  9688.0
dz =

         NA
         NA
  -65.56000
    0.00000
    0.00000

T =   1.6460e+004
m =  9688.0
dz =

         NA
         NA
  -65.56000
    0.00000
    0.00000

T =   1.6460e+004
m =  9688.0
dz =

         NA
         NA
  -65.56000
    0.00000
    0.00000

T =   1.6460e+004
m =  9688.0
dz =

         NA
         NA
  -65.56000
    0.00000
    0.00000

T = NA
m = NA
dz =

         NA
         NA
  -65.56000
    0.00000
    0.00000

T = NA
m = NA
dz =

         NA
         NA
  -65.56000
    0.00000
    0.00000

T =   1.6460e+004
m =  9688.0
dz =

         NA
         NA
  -65.56000
    0.00000
    0.00000

T =   1.6460e+004
m =  9688.0
dz =

         NA
         NA
  -65.56000
    0.00000
    0.00000

T =   1.6460e+004
m =  9688.0
dz =

         NA
         NA
  -65.56000
    0.00000
    0.00000

T =   1.6460e+004
m =  9688.0
dz =

         NA
         NA
  -65.56000
    0.00000
    0.00000

T =   1.6460e+004
m =  9688.0
dz =

         NA
         NA
  -65.56000
    0.00000
    0.00000

T =   1.6460e+004
m =  9688.0
dz =

         NA
         NA
  -65.56000
    0.00000
    0.00000

T = NA
m = NA
dz =

         NA
         NA
  -65.56000
    0.00000
    0.00000

T = NA
m = NA
dz =

         NA
         NA
  -65.56000
    0.00000
    0.00000

